2750
1282
2825
2178
2015
1773
672
353
2133
1347
1722
667
951
1081
1248
2032
2953
2645
2008
258
1263
203
1950
1325
40
1118
37
2269
1870
2124
2838
2871
81
2894
897
2685
971
595
89
2193
2886
2728
2330
244
618
1278
1974
1028
531
2280
2580
1656
1982
2471
194
401
988
715
2545
2744
136
1585
1807
2470
2754
2476
2291
1163
1222
777
1160
2486
1950
835
2052
1198
1108
1823
2955
1195
1180
2213
1380
2036
2006
2108
2077
2398
1817
1249
634
181
2819
1564
1273
1514
277
1783
33
601
2139
1283
2265
1014
450
976
1165
724
169
2233
18
1281
858
2123
1027
882
1866
456
2068
2310
1900
731
2244
2329
1140
1706
1536
944
1998
387
2929
1203
1999
2677
968
1492
1564
2652
2952
483
2607
1744
1937
2587
976
2627
1821
2605
951
1405
131
806
431
1918
361
112
1566
2519
2783
2786
1754
429
1271
1509
1758
2691
688
2676
897
1643
2721
2710
1199
1056
234
2724
2081
435
1287
1873
2520
2528
406
875
1367
821
471
117
414
2967
2395
2334
1851
656
1653
2394
1651
1305
2846
1818
1622
111
1141
1842
2904
2349
1962
2824
2419
1262
1291
2804
346
742
552
2072
2473
292
2161
637
104
2062
2720
199
550
1985
1169
903
146
698
694
411
2349
2710
1462
603
2211
1195
525
147
1377
2369
1063
1416
248
2993
894
337
2359
2616
1252
1436
191
39
1274
2681
935
51
334
551
2296
772
1859
577
795
1644
1419
1493
2255
2869
655
305
2886
647
2727
1770
2087
2078
692
2706
1862
2100
1675
2941
2535
2480
2189
2144
411
578
1465
1223
1161
2593
875
2514
2453
2956
2005
1555
2662
913
1011
1126
2880
1549
437
1901
58
1409
622
1703
2243
1509
394
165
2006
1955
364
225
700
2683
2548
2891
1096
2655
176
1929
405
1554
2122
1546
1804
554
2359
2319
2642
2566
2687
902
2206
1038
2808
2053
1072
2550
1669
1696
2077
734
1348
2582
583
753
1621
2518
170
1408
327
1066
577
1331
2325
565
2502
155
1941
1054
568
326
2560
1393
663
336
637
1054
2059
2907
2249
1769
450
2195
681
1781
2265
1561
880
2493
2274
665
1123
1193
2939
1146
1322
497
1767
1105
913
833
822
1706
2861
1377
2032
2341
2666
1520
2798
1569
2720
1597
2377
64
207
1233
292
2950
1351
2188
884
1518
2810
1618
2913
1723
2821
1378
764
2912
1681
971
752
1374
2432
11
2685
344
603
2390
2111
107
2681
2647
2949
1463
257
806
1406
1164
2248
862
2406
827
694
818
2205
1355
1699
51
937
445
2047
2368
2442
2180
647
2643
555
1796
2604
708
1361
254
2821
477
99
509
2508
736
825
528
1286
1880
161
1636
1412
2851
2957
517
2591
1809
929
2026
1161
1309
2840
226
1718
1116
542
222
2368
54
1359
2021
186
1344
2854
1950
188
2836
43
1989
1630
214
676
101
832
1371
1620
942
677
728
2800
1324
328
2724
614
1996
2783
644
1713
2091
1364
1577
2255
2876
1827
903
2715
990
2237
2668
126
368
2858
1243
953
2586
534
2437
1789
713
1074
524
147
614
627
2603
2768
1405
696
404
2472
2581
557
2351
596
464
2500
2964
638
1696
1595
190
344
1596
856
804
1636
1086
761
925
1886
2003
1473
1272
2518
558
1733
2917
674
2865
2340
2898
2872
2369
2740
1230
2081
2916
2650
1228
2969
762
2145
469
2651
2421
2964
1109
282
175
2838
2816
2322
2831
2094
2128
1324
1463
729
470
2528
2316
367
1730
189
475
1312
1961
252
173
1191
1259
811
327
548
2885
685
1568
2272
97
2342
2991
2689
2816
2517
2689
590
2378
1162
2820
2716
490
982
2628
1342
2552
346
2551
2419
2964
160
2542
2122
2604
382
970
1672
1042
2489
193
2666
773
429
1796
2302
1531
810
1206
1739
2776
2867
923
2282
2733
17
1962
2004
2327
196
2233
10
267
1105
211
684
1924
998
473
2857
2752
1930
1146
357
2973
235
992
833
371
2575
2193
1859
2574
980
1694
2014
1923
467
2756
125
1572
2758
1916
1209
1634
2987
57
2067
558
2352
2222
2594
564
1150
2649
2925
2596
1675
1472
637
886
519
495
522
2490
2296
714
2934
2521
849
717
246
2099
1205
2558
1588
1246
2961
1403
1490
455
2976
798
1521
2585
568
306
447
607
745
2080
1071
1791
78
2643
58
534
1996
700
2132
714
599
2194
890
1735
1268
417
1767
2825
2489
2670
341
1187
2785
669
2232
90
404
992
2534
810
954
2636
1923
1458
1464
2073
433
1182
819
2526
461
1385
2386
1806
829
1365
576
475
1965
2433
78
2733
2944
677
1920
247
1932
1429
814
2919
2942
968
2762
952
261
588
1913
1910
2010
1367
1154
2117
1373
1068
1820
1685
1827
1889
1821
2734
1531
633
788
1765
1376
1611
2960
408
864
1653
1889
2036
2668
942
1540
592
2560
2927
2957
253
2634
565
61
1117
1791
1815
610
1204
801
1334
2965
1664
957
2581
839
841
1968
366
1677
1132
562
2207
1923
1306
851
463
2005
976
2713
2049
2064
1330
1196
1116
2151
481
1856
756
1281
1495
146
1465
303
355
390
1769
2387
1381
1749
1581
741
1439
412
2693
1887
1157
2703
2801
1112
875
908
2357
2710
450
276
2639
1164
1151
349
2472
2035
752
2722
2021
2589
580
1876
2338
940
1246
2681
1658
2081
316
1691
885
1473
922
2468
670
1018
311
1277
2855
707
1689
2566
275
993
346
2263
1568
206
1502
837
1624
2803
1215
2089
874
2407
1775
194
1410
1216
1481
379
2921
2405
2797
887
2426
1614
1542
1176
1203
1315
746
1422
1372
106
2885
437
591
52
2122
1760
1491
694
2912
1506
599
782
1076
2635
2848
2747
425
863
807
847
2088
2802
2042
721
349
1400
2717
2554
2113
1737
2053
2714
2190
1785
457
2699
154
2414
1181
2002
490
11
2332
302
18
649
1569
2193
2815
2708
2986
1011
282
924
1546
1206
2353
994
2178
821
707
1050
1475
1805
655
2353
2386
1125
2105
2715
2952
2
1523
991
1901
347
2060
2255
513
972
2608
2143
1510
1285
2444
2022
2822
522
2604
978
1820
1182
2587
278
2425
400
2005
2047
2822
1928
36
1796
1985
955
1230
1171
166
2921
383
553
1683
1848
328
2257
1456
1209
1804
2934
353
593
2235
260
729
34
2181
2384
2149
79
2260
111
1626
1855
2110
940
1283
1000
142
1283
1299
365
2430
243
2652
2594
115
1393
170
1252
1261
1759
2088
2749
1082
1003
2228
493
1966
1316
568
1437
496
823
2008
1517
996
687
2372
958
1561
1771
2329
1697
1174
602
1544
453
1422
2769
714
2096
1772
157
1838
1149
885
348
617
684
1705
1774
1737
1815
1517
625
1166
2288
2217
242
197
1152
425
447
939
1250
2850
2145
2578
2774
1938
1063
539
1658
1020
85
2912
587
2647
1123
204
281
2963
114
34
2304
2319
2786
879
1907
1833
1287
605
1859
2091
2714
2124
229
174
2228
447
2553
1526
1173
2713
446
610
2386
2282
315
1870
76
1682
81
655
2621
1592
2157
2410
2902
1047
2033
1313
868
182
2834
1115
42
1106
556
1679
2687
2475
2329
965
1583
976
57
2545
1232
759
330
2461
2875
853
49
2041
858
2062
2105
570
513
842
2160
308
677
1213
690
1053
2281
1969
2948
1064
583
2625
162
651
379
44
1365
1877
899
1580
2068
647
1443
1651
1515
2238
2910
313
561
634
1510
2205
2819
511
1348
1709
2662
1693
2251
1627
2682
1430
2815
518
2090
1691
2035
1450
2391
403
2448
405
2796
1330
2417
207
2917
929
1587
933
2432
552
587
490
1150
1357
1167
1659
1859
1527
1582
2285
1584
2636
2491
2646
2474
2019
1516
2572
84
1710
1258
1854
2431
2840
121
1213
1441
119
119
86
1931
166
2138
2687
1949
810
2889
2539
140
303
1980
332
2908
2966
1040
1020
1600
1605
18
2856
606
979
1245
1162
160
918
1183
1985
2157
2339
917
2695
422
1625
2135
1207
1300
515
1511
2744
1662
56
1650
203
2296
89
553
893
528
1974
497
625
194
1653
934
837
308
2728
911
2111
1995
2586
1530
2333
1780
2574
2288
2950
2631
2803
1155
47
1629
224
2324
445
1522
320
2874
1908
709
1074
1493
2731
629
936
2024
2677
782
2218
548
1268
273
1895
1505
2155
1145
1911
871
1224
2890
71
19
2860
2892
1993
2014
161
2613
1776
1679
975
2036
1317
1961
98
569
1273
1815
1428
2931
464
1163
746
2417
702
1254
286
2722
1873
1017
1193
905
2938
731
170
1463
385
1027
1824
1972
1180
1245
2752
904
443
2826
1451
156
1412
903
222
2222
934
2600
375
825
436
2477
2322
83
960
1690
2461
920
2552
2005
806
2523
402
1129
2191
2149
2264
2967
1027
990
2976
2244
2584
1768
931
2309
2249
2628
2624
414
2686
1332
2892
1475
2874
2111
2960
2750
777
203
270
2127
500
44
2193
1186
403
635
2473
49
1765
1802
912
2754
2175
755
1116
2764
191
2648
241
1283
2419
2814
1066
2187
571
803
932
1889
1760
942
408
1724
983
1205
762
962
2998
1257
1906
2408
466
311
407
682
2891
2136
755
2784
316
279
247
929
1795
2994
2379
953
1705
1466
586
2302
86
397
848
1072
996
483
2689
1231
430
2085
624
1447
662
177
48
1014
816
2234
1003
606
2334
1565
180
1693
2304
438
1339
2465
319
2552
1500
1642
191
1804
1076
584
2271
2769
1810
1251
1358
1682
1782
2642
1892
2813
2257
2699
2346
327
2344
2440
2431
2557
1678
2155
1624
2805
836
2680
426
819
2024
705
1175
887
1176
935
1019
2868
849
1052
330
1284
480
2941
1833
926
788
2716
453
106
727
2469
1843
451
2295
2750
1101
67
2477
2737
2662
1004
2440
990
114
1602
2735
2321
1805
1839
2418
1075
1135
1678
2795
2085
1776
1201
127
751
1550
2342
867
2278
1368
1076
2316
2148
2661
1676
2999
969
942
1434
2162
2759
2461
770
1237
3
865
1087
1152
1503
1407
782
1931
1797
2614
2514
1292
2510
2183
241
2600
209
175
1020
961
615
1283
2707
2624
1618
575
2839
1008
2902
2315
1601
2599
1032
626
2223
441
2123
448
1791
2738
617
303
2748
1520
2830
2390
1822
2291
737
1743
2998
2634
148
2899
1070
2899
578
2597
1567
1047
2848
1728
2804
2432
1268
2861
564
2767
2410
1645
1029
358
590
1111
1220
599
1835
1710
809
639
1354
1138
1622
2331
1534
1514
2448
2357
2148
1267
903
523
2673
936
8
732
523
1982
2049
648
1793
161
1908
155
1126
1417
2165
2373
1233
2379
494
305
1600
1141
1002
864
1883
2202
1845
193
981
566
2362
2456
500
807
2111
1368
938
2840
2555
998
2252
2475
1696
1140
2615
169
1299
310
1203
665
2697
1820
1592
2652
2387
1709
1789
2465
1217
2348
2103
1666
621
2810
870
737
2070
1991
1116
2856
1222
2278
1750
284
1045
45
725
1133
1164
1126
1590
197
461
1669
1701
634
1767
429
265
2162
2464
1033
1016
2162
2548
908
323
1003
202
326
1749
57
2469
1884
2525
809
271
163
1394
2439
2465
1584
2278
729
88
1359
563
2716
1098
558
2659
377
695
52
2220
2651
2386
900
2263
911
1325
1304
2225
2336
2788
796
1035
1575
746
1849
1468
2580
393
1242
815
795
2421
1014
407
549
2127
1754
2574
234
664
2106
2221
1400
635
2116
910
3
1261
2634
1837
2081
2928
1586
1773
577
803
611
2015
2519
1925
1182
2980
1366
248
2199
820
531
1507
2590
600
2049
488
1310
921
1847
2028
2706
179
2810
276
975
1692
376
277
1386
2847
2474
2932
2862
1045
2725
2580
586
251
470
2717
373
2502
1463
1666
335
1979
2307
1899
685
771
2185
1609
1528
2539
1072
2000
2491
2394
1704
270
2751
1364
2984
314
1254
2868
1434
1280
288
1150
2583
2977
2468
1386
696
1094
2175
980
1986
2925
2746
72
2197
2853
2899
666
2585
2412
1955
2780
686
1832
2359
2538
887
1473
1917
2079
185
2885
1877
2850
438
198
2153
1386
2088
750
2907
2782
2884
1426
2658
2282
2053
949
2487
852
434
2059
2930
1661
2485
1486
1669
1995
233
1077
1401
2706
1071
2032
2133
2714
1437
2217
328
2356
564
92
2135
135
396
111
543
2527
526
1116
57
325
2093
2355
2269
2033
2618
1316
2644
1459
2227
1219
158
530
1536
2980
2948
1444
1786
2630
436
1540
1495
1308
103
1641
1718
1222
472
2819
1067
1030
2715
1080
2808
1095
519
2941
2545
136
1625
1344
194
909
1023
1258
1719
2774
1942
2938
1856
97
2065
1116
1854
883
1982
1577
622
2188
1078
2360
1586
2993
1361
2346
1710
2762
2756
2451
2830
2795
16
2541
385
40
2248
2230
2297
522
2615
2745
874
1086
2179
2602
717
2573
1146
1171
761
1054
215
2980
2852
1143
641
2895
1747
1946
681
289
2452
524
774
2405
356
153
2878
1514
34
171
2731
2709
1783
602
2767
2929
832
445
1246
874
673
2518
1815
1642
2552
1236
1630
2115
2059
2002
377
2227
2855
1349
2653
661
1647
794
732
2459
1365
54
2757
1849
1056
2295
2289
2254
18
1495
1221
2988
2084
410
2385
382
2312
301
1307
873
2755
310
1689
2243
1909
2786
18
2312
678
2561
1511
2060
2103
1502
1723
907
178
2434
1131
923
1503
1921
1820
2035
2661
468
2113
2437
1081
2557
2486
70
2653
466
1372
335
1080
1376
1944
2236
2486
2728
1250
1602
172
1951
775
1653
658
1440
404
1822
2445
668
2400
1196
952
154
2676
570
78
1033
2929
406
1855
1321
102
34
933
1834
53
499
2953
1805
1801
1295
591
1286
679
628
2875
979
69
99
1918
2294
531
971
1673
470
2653
465
444
220
2154
893
796
1129
1852
801
1543
1645
1172
586
253
26
185
1305
1941
2559
2789
235
1177
1985
2084
692
1039
99
242
659
508
926
280
319
1167
539
323
695
1128
53
1585
1550
1827
325
784
2349
1245
2125
1781
531
2274
357
1134
672
1160
2524
693
655
483
974
657
2241
2630
932
714
1271
1707
2842
1569
2191
455
2097
1674
815
1493
1069
1551
1344
1845
392
1410
554
2025
957
214
1805
1436
1353
2075
1031
911
716
140
1850
433
918
262
317
843
132
2536
2538
1749
2681
2874
2560
2960
1777
131
2471
481
2369
1475
2744
599
1546
257
1591
1105
1157
2394
1713
1495
160
263
47
1571
1767
1425
2597
1979
1157
2996
748
2879
521
1613
1179
2849
870
2321
1533
2630
1715
644
1003
1095
161
2899
2850
1900
2283
1014
2023
1166
727
742
2703
2807
2914
1030
460
2857
979
1153
2801
1167
805
2416
2310
732
1664
326
343
2846
1113
2482
1551
214
1934
560
706
2328
1110
2301
2815
985
2845
548
964
2857
885
866
1901
535
1407
2906
796
995
2081
2414
2540
452
2594
1972
1913
1119
1473
80
934
784
2236
1763
258
2008
268
1584
533
916
1781
2879
1996
2885
75
72
1596
1081
2071
1157
2027
2206
386
2812
2281
822
2409
1248
894
2364
2934
587
1318
649
1063
2578
2919
842
2479
1885
1827
1962
2595
1761
1241
2224
2791
844
1493
773
1815
125
2088
1612
730
2677
658
2886
1800
966
884
1537
1284
326
762
460
852
2815
53
426
1797
335
2103
80
1260
760
1911
2732
2911
1011
293
2517
738
5
1024
9
2238
982
794
1983
1300
1433
2085
1114
943
2277
486
1254
422
2760
1264
2946
2393
947
316
1490
2195
1670
708
2047
2014
2584
1415
2917
557
1586
1990
234
1938
193
1525
254
1080
2271
302
1315
2186
741
703
450
578
375
2227
2087
1919
604
982
2411
2325
2368
2058
1636
192
1872
1167
971
491
313
1064
489
1850
837
2696
407
1609
51
2714
289
2995
418
744
1469
372
1321
2004
1598
314
2638
218
2216
1846
298
1422
2687
2817
2454
2978
2809
2417
1900
1032
1844
1027
2011
1454
1941
1450
1024
2559
22
549
1262
2573
235
2023
1395
2061
274
352
630
2579
228
921
1592
100
212
389
1606
1771
2723
1306
1104
995
1630
2351
106
203
1749
2088
28
2015
1936
2940
2407
1115
2240
856
311
1834
1071
1332
384
749
1053
683
870
1288
2224
1752
997
2350
2071
1171
1985
228
139
2883
187
2371
1042
1782
2881
871
2554
2588
617
1981
1495
1890
1322
2129
1297
938
2590
2437
2325
1103
392
61
533
1222
534
1039
2679
56
2379
1153
1167
2500
2644
2891
2026
857
148
43
728
2057
215
1479
101
1858
1935
1516
1268
1526
2670
1598
696
1746
1833
2761
1921
2955
1486
2219
727
2124
1162
452
782
1708
2672
2678
2415
613
1505
2295
1422
151
269
2485
1533
3
300
2337
1284
404
188
220
707
111
695
614
871
763
344
1469
1020
555
1129
1706
1365
833
2788
1232
2997
2373
2061
446
1049
